    KIC/EPIC 	Campaign 	period 	period error 	bjd0 	pdepth 	sdepth 	pwidth 	swidth 	sep
    202073348 	K2C0 	0.3207360 	0.0000479 	56775.965715 	0.1928 	0.2139 	0.0948 	0.1167 	0.4945
    202073397 	K2C0 	0.3455274 	0.0000537 	56774.532584 	0.1722 	0.1658 	0.2358 	0.2405 	0.4929
    202073489 	K2C0 	0.3487252 	0.0000545 	56774.558866 	0.2449 	0.2253 	0.1584 	0.0821 	0.5086
    202071279 	K2C0 	0.3506658 	0.0000545 	54999.639170 	0.1152 	0.1014 	0.1570 	0.1593 	0.4973
    202073361 	K2C0 	0.3618331 	0.0000571 	56774.408956 	0.4243 	0.3879 	0.1539 	0.1545 	0.4984
    202073353 	K2C0 	0.3712502 	0.0000589 	56774.704279 	0.0250 	0.0201 	0.1297 	0.0687 	0.5183
    202083924 	K2C0 	0.3783797 	0.0000608 	56774.363170 	0.1936 	0.1490 	0.1141 	0.1034 	0.5004
    202073346 	K2C0 	0.3842434 	0.0000618 	56774.457318 	0.1094 	0.1223 	0.1431 	0.1205 	0.4987
    202073319 	K2C0 	0.4620707 	0.0000811 	56774.506115 	0.1120 	0.0619 	0.1328 	0.1405 	0.5084
    202073307 	K2C0 	0.5052162 	0.0000920 	56774.734523 	0.0733 	0.0359 	0.2068 	0.2508 	0.4981
    202064535 	K2C0 	0.5083409 	0.0000920 	56774.511275 	0.1195 	0.0989 	0.1577 	0.1360 	0.5018
    202073297 	K2C0 	0.5274345 	0.0000983 	56774.459154 	0.5846 	0.2189 	0.1562 	0.1379 	0.5064
    202085014 	K2C0 	0.5478504 	0.0001029 	56769.852878 	0.1681 	0.1644 	0.1371 	0.1397 	0.4989
    202071293 	K2C0 	0.5729253 	0.0001106 	56774.627680 	0.0508 	0.0503 	0.1307 	0.1231 	0.5026
    202073185 	K2C0 	0.6124805 	0.0001193 	56774.765354 	0.2960 	-1.0000 	0.2248 	-1.0000 	1.0000
    202073276 	K2C0 	0.6441636 	0.0001293 	56774.661198 	0.3815 	0.4061 	0.1209 	0.0939 	0.4981
    202073270 	K2C0 	0.6593058 	0.0001330 	56774.458463 	0.3289 	0.0904 	0.1690 	0.1996 	0.5342
    202073267 	K2C0 	0.6840305 	0.0001407 	56774.517193 	0.2987 	0.0859 	0.1676 	0.1286 	0.5216
    202073266 	K2C0 	0.6896072 	0.0001451 	56774.984786 	0.0643 	0.0484 	0.2316 	0.3220 	0.4865
    202073253 	K2C0 	0.7338006 	0.0001540 	56774.619610 	0.3655 	0.3657 	0.1503 	0.1364 	0.5072
    202073248 	K2C0 	0.7573019 	0.0001642 	56774.687810 	0.3445 	0.1493 	0.1568 	0.1582 	0.4981
    202060752 	K2C0 	0.7703913 	0.0001696 	56774.406170 	0.1015 	0.0763 	0.0860 	0.1310 	0.5008
    202073238 	K2C0 	0.7916583 	0.0001756 	56774.516305 	0.2014 	0.0911 	0.1452 	0.0930 	0.5069
    202073235 	K2C0 	0.8191211 	0.0001816 	56774.508081 	0.5262 	0.1432 	0.1464 	0.0993 	0.4983
    202073088 	K2C0 	0.8241491 	0.0001816 	56774.345574 	0.4064 	0.2459 	0.1115 	0.1066 	0.4993
    202073232 	K2C0 	0.8380076 	0.0001884 	56774.650029 	0.1880 	0.1650 	0.1650 	0.1622 	0.5055
    202059416 	K2C0 	0.9007830 	0.0002106 	54998.341675 	0.0119 	-1.0000 	0.1569 	-1.0000 	1.0000
    202073218 	K2C0 	0.9212211 	0.0002188 	56774.404674 	0.1921 	0.0587 	0.1791 	0.2295 	0.4988
    202073217 	K2C0 	0.9411349 	0.0002188 	56774.318312 	0.3646 	0.0996 	0.1497 	0.1160 	0.5064
    202073097 	K2C0 	0.9724108 	0.0002276 	56774.585042 	0.0030 	-1.0000 	0.1255 	-1.0000 	1.0000
    202060577 	K2C0 	1.0194879 	0.0002477 	56772.455510 	0.0668 	-1.0000 	0.1390 	-1.0000 	1.0000
    202061814 	K2C0 	1.0217013 	0.0002477 	56774.973385 	0.0077 	-1.0000 	0.2036 	-1.0000 	1.0000
    202073210 	K2C0 	1.0250708 	0.0002477 	56775.048871 	0.5025 	0.1661 	0.0893 	0.0949 	0.4995
    202139294 	K2C0 	1.0433125 	0.0002586 	56774.350154 	0.0158 	0.0148 	0.1171 	0.1228 	0.4990
    202073207 	K2C0 	1.0503292 	0.0002586 	56775.771581 	0.6362 	-1.0000 	0.1313 	-1.0000 	1.0000
    202073203 	K2C0 	1.1980148 	0.0003133 	56775.499770 	0.2524 	-1.0000 	0.1975 	-1.0000 	1.0000
    202073186 	K2C0 	1.2248292 	0.0003133 	56774.797274 	0.0748 	0.0155 	0.1127 	0.1146 	0.4997
    202063828 	K2C0 	1.2435284 	0.0003296 	56776.274084 	0.6144 	0.0811 	0.1206 	0.0653 	0.4732
    202073175 	K2C0 	1.2811667 	0.0003488 	56774.801927 	0.2439 	0.0772 	0.0968 	0.0971 	0.5029
    202073174 	K2C0 	1.2884388 	0.0003488 	56774.714875 	0.1605 	0.1544 	0.1418 	0.1267 	0.5022
    202103762 	K2C0 	1.3264925 	0.0003682 	56775.141062 	0.0829 	0.0296 	0.0684 	0.0652 	0.5003
    202073161 	K2C0 	1.4036368 	0.0003896 	56775.307997 	0.4442 	0.2542 	0.0939 	0.0990 	0.5005
    202073160 	K2C0 	1.4129232 	0.0003896 	56775.469919 	0.2900 	0.0330 	0.1219 	0.1007 	0.4919
    202065543 	K2C0 	1.4464988 	0.0004153 	56774.510843 	0.1110 	0.1049 	0.1098 	0.1095 	0.5020
    202073145 	K2C0 	1.5166378 	0.0004415 	56774.583000 	0.3111 	0.2640 	0.0994 	0.1115 	0.4746
    202073144 	K2C0 	1.5506101 	0.0004415 	56774.783971 	0.0865 	0.0567 	0.0834 	0.0816 	0.4988
    202059377 	K2C0 	1.5768817 	0.0004710 	56775.706981 	0.0005 	-1.0000 	0.1030 	-1.0000 	1.0000
    202094117 	K2C0 	1.6344856 	0.0004710 	56770.524742 	0.0331 	-1.0000 	0.0617 	-1.0000 	1.0000
    202088191 	K2C0 	1.6616157 	0.0005066 	56775.618613 	0.0266 	0.0036 	0.0617 	0.0865 	0.4933
    202073124 	K2C0 	1.6777022 	0.0005066 	56775.340393 	0.5427 	0.0586 	0.1082 	0.0981 	0.4999
    202066811 	K2C0 	1.6965990 	0.0005066 	56775.286443 	0.0507 	0.0097 	0.0923 	0.1326 	0.4793
    202073117 	K2C0 	1.7622768 	0.0005436 	56775.965047 	0.6443 	0.0973 	0.1533 	0.1420 	0.5039
    202091545 	K2C0 	1.8577881 	0.0005905 	56775.908785 	0.1589 	0.1076 	0.0825 	0.0880 	0.4992
    202072502 	K2C0 	1.9237005 	0.0005905 	56774.475899 	0.0853 	0.0582 	0.1156 	0.1185 	0.5015
    202060506 	K2C0 	1.9597767 	0.0006381 	56775.796171 	0.2003 	0.0781 	0.1020 	0.1125 	0.5132
    202073096 	K2C0 	1.9602300 	0.0006381 	56776.494717 	0.0875 	0.0701 	0.2826 	0.3042 	0.4966
    202073490 	K2C0 	2.0292350 	0.0006381 	56775.902392 	0.3006 	0.2805 	0.1026 	0.1030 	0.5003
    202072061 	K2C0 	2.1004240 	0.0006935 	56775.649793 	0.0694 	0.0594 	0.0610 	0.0655 	0.5009
    202073040 	K2C0 	2.1214102 	0.0006935 	56774.471613 	0.3767 	0.3538 	0.0934 	0.0920 	0.5008
    202072563 	K2C0 	2.1237482 	0.0006935 	56775.482420 	0.1289 	0.1189 	0.0686 	0.0705 	0.5025
    202066699 	K2C0 	2.2158123 	0.0007653 	56775.036467 	0.3290 	0.1871 	0.0773 	0.0805 	0.5013
    202073074 	K2C0 	2.2433083 	0.0007653 	56775.680216 	0.2759 	0.2541 	0.0878 	0.0884 	0.5009
    202073262 	K2C0 	2.2461690 	0.0007653 	56775.656051 	0.4917 	0.1108 	0.1357 	0.1053 	0.5026
    202073068 	K2C0 	2.3348194 	0.0007653 	56775.632292 	0.3305 	0.3379 	0.1155 	0.1135 	0.4688
    202073067 	K2C0 	2.3492273 	0.0007653 	56776.208674 	0.5583 	0.2403 	0.1469 	0.1138 	0.5044
    202088178 	K2C0 	2.3706158 	0.0008402 	56775.389983 	0.1509 	0.1361 	0.0825 	0.0726 	0.5029
    202137209 	K2C0 	2.3818347 	0.0008402 	56769.256018 	0.0341 	-1.0000 	0.0676 	-1.0000 	1.0000
    202073438 	K2C0 	2.4058959 	0.0008402 	56776.019981 	0.4562 	0.0706 	0.0911 	0.0991 	0.4964
    202073063 	K2C0 	2.4124475 	0.0008402 	56775.852955 	0.1145 	0.0467 	0.0670 	0.0667 	0.4185
    202094234 	K2C0 	2.4207768 	0.0008402 	56769.726714 	0.1695 	0.1675 	0.0996 	0.0976 	0.4989
    202086291 	K2C0 	2.4349633 	0.0008402 	56776.560321 	0.3318 	-1.0000 	0.1048 	-1.0000 	1.0000
    202083650 	K2C0 	2.4604156 	0.0008402 	56775.530524 	0.0316 	0.0176 	0.0378 	0.0265 	0.5000
    202093968 	K2C0 	2.4699998 	0.0008402 	56774.554275 	0.0107 	0.0011 	0.0420 	0.1250 	0.4610
    202073061 	K2C0 	2.4821877 	0.0008402 	56776.565281 	0.7618 	0.1019 	0.1106 	0.1006 	0.5040
    202065802 	K2C0 	2.4885626 	0.0008402 	56775.794364 	-0.0067 	-1.0000 	0.1671 	-1.0000 	1.0000
    202071266 	K2C0 	2.5936207 	0.0009445 	56777.170177 	0.1145 	-1.0000 	0.2726 	-1.0000 	1.0000
    202073440 	K2C0 	2.6241420 	0.0009445 	56774.717663 	0.2978 	0.1222 	0.0572 	0.0723 	0.6717
    202071731 	K2C0 	2.7402551 	0.0009445 	56775.070483 	0.1210 	0.0707 	0.0803 	0.0827 	0.5005
    202073445 	K2C0 	2.8354024 	0.0010505 	56775.005665 	0.0194 	0.0157 	0.0614 	0.0670 	0.5013
    202073495 	K2C0 	2.8605684 	0.0010505 	56775.997021 	0.6744 	0.1408 	0.0925 	0.0655 	0.5064
    202060135 	K2C0 	2.8653788 	0.0010505 	56777.688984 	0.8006 	0.0931 	0.1065 	0.0764 	0.4944
    202072486 	K2C0 	2.9216282 	0.0010505 	56776.308809 	0.0590 	0.0150 	0.0620 	0.0692 	0.4698
    202083021 	K2C0 	2.9335668 	0.0010505 	56774.012077 	0.6622 	0.1593 	0.1513 	0.1454 	0.4868
    202126886 	K2C0 	2.9411364 	0.0010505 	56775.232571 	0.0349 	0.0204 	0.0564 	0.0601 	0.5024
    202072929 	K2C0 	3.0537029 	0.0011813 	55001.995337 	0.5860 	0.0639 	0.0848 	0.0742 	0.4979
    202071579 	K2C0 	3.1272514 	0.0011813 	56774.415638 	0.0862 	0.0715 	0.0542 	0.0486 	0.5019
    202072932 	K2C0 	3.1336877 	0.0011813 	56774.536949 	0.0356 	0.0236 	0.0459 	0.0489 	0.5014
    202072933 	K2C0 	3.1444289 	0.0011813 	56777.454942 	0.0010 	-1.0000 	0.0499 	-1.0000 	1.0000
    202066394 	K2C0 	3.1863622 	0.0011813 	56774.776353 	0.0528 	0.0046 	0.0450 	0.0381 	0.4911
    202092613 	K2C0 	3.1874830 	0.0011813 	56770.063950 	0.0410 	0.0175 	0.0449 	0.0743 	0.5052
    202060800 	K2C0 	3.2620316 	0.0011813 	56773.682064 	0.0260 	0.0260 	0.0244 	0.3084 	0.0000
    202083510 	K2C0 	3.3075922 	0.0011813 	56729.917585 	0.3360 	0.3124 	0.0190 	0.0182 	0.4999
    202060198 	K2C0 	3.4069191 	0.0013735 	56775.544797 	0.0449 	-1.0000 	0.0660 	-1.0000 	1.0000
    202126880 	K2C0 	3.4608488 	0.0013735 	56774.509030 	0.1246 	0.0126 	0.0391 	0.0387 	0.4980
    202071631 	K2C0 	3.4737557 	0.0013735 	56770.045045 	0.0367 	0.0118 	0.0986 	0.1953 	0.4796
    202088387 	K2C0 	3.5501696 	0.0013735 	56777.700359 	0.0855 	-1.0000 	0.0568 	-1.0000 	1.0000
    202071505 	K2C0 	3.5554582 	0.0013735 	56775.778484 	0.0642 	0.0436 	0.0400 	0.0361 	0.3162
    202059360 	K2C0 	3.6748011 	0.0015784 	56775.511619 	0.0176 	0.0073 	0.0956 	0.2866 	0.4789
    202126849 	K2C0 	3.8000107 	0.0015784 	56778.072213 	0.0265 	-1.0000 	0.0182 	-1.0000 	1.0000
    202073442 	K2C0 	3.8673995 	0.0015784 	56776.759067 	0.0055 	0.0057 	0.1905 	0.2755 	0.5224
    202072596 	K2C0 	3.9795250 	0.0015784 	56776.878086 	0.0397 	-1.0000 	0.0406 	-1.0000 	1.0000
    202072958 	K2C0 	4.0245475 	0.0015784 	56775.663521 	0.0769 	0.0703 	0.0599 	0.0578 	0.5008
    202060541 	K2C0 	4.0491598 	0.0015784 	56777.421978 	0.0262 	-1.0000 	0.2205 	-1.0000 	1.0000
    202071994 	K2C0 	4.0510732 	0.0015784 	56778.043895 	0.1242 	0.1067 	0.0651 	0.0807 	0.3488
    202064026 	K2C0 	4.0679089 	0.0015784 	56777.046479 	0.6286 	0.0598 	0.0950 	0.0813 	0.5005
    202072961 	K2C0 	4.0970235 	0.0015784 	56780.408406 	0.1832 	0.1902 	0.0488 	0.0481 	0.5034
    202072962 	K2C0 	4.1680796 	0.0019230 	56776.070524 	0.0669 	0.0090 	0.0328 	0.0323 	0.4988
    202071842 	K2C0 	4.1680978 	0.0019230 	56776.036702 	0.0652 	0.0085 	0.0332 	0.0346 	0.5005
    202073121 	K2C0 	4.2014989 	0.0019230 	56777.509517 	0.5844 	0.0560 	0.0929 	0.0801 	0.4976
    202072963 	K2C0 	4.2099218 	0.0019230 	56774.517428 	0.2367 	0.1540 	0.0585 	0.0586 	0.4562
    202068807 	K2C0 	4.2448425 	0.0019230 	56775.138904 	0.1290 	0.0434 	0.0477 	0.0459 	0.6407
    202060124 	K2C0 	4.2850464 	0.0019230 	56776.012739 	0.0246 	0.0219 	0.1270 	0.1328 	0.4967
    202062176 	K2C0 	4.3542498 	0.0019230 	56775.892256 	0.0334 	0.0274 	0.0489 	0.0315 	0.2367
    202137167 	K2C0 	4.3955942 	0.0019230 	56774.634729 	0.0220 	0.0126 	0.2925 	0.1242 	0.5019
    202072971 	K2C0 	4.3991568 	0.0019230 	56777.308529 	0.6660 	0.1318 	0.1323 	0.1342 	0.5075
    202062450 	K2C0 	4.4468214 	0.0019230 	55001.952471 	0.1717 	0.0171 	0.0873 	0.0923 	0.5054
    202137571 	K2C0 	4.4772404 	0.0019230 	56777.166248 	0.3031 	0.2272 	0.1380 	0.1335 	0.5013
    202126851 	K2C0 	4.4801191 	0.0019230 	56778.932452 	0.0429 	0.0112 	0.0414 	0.0453 	0.5020
    202071828 	K2C0 	4.7083283 	0.0019230 	56775.001163 	0.0046 	-1.0000 	0.1005 	-1.0000 	1.0000
    202072978 	K2C0 	4.8859950 	0.0022831 	56777.671124 	0.3992 	0.0343 	0.0993 	0.1205 	0.4921
    202091203 	K2C0 	5.2141614 	0.0022831 	56775.744641 	0.0956 	0.0533 	0.0421 	0.0418 	0.5014
    202072988 	K2C0 	5.3224612 	0.0022831 	56779.102278 	0.4297 	0.1474 	0.1042 	0.1003 	0.4866
    202072991 	K2C0 	5.4959066 	0.0022831 	56778.343238 	0.2318 	0.2315 	0.0604 	0.0576 	0.4996
    202126878 	K2C0 	5.5592921 	0.0027943 	56779.232542 	0.2175 	0.0092 	0.0395 	0.0393 	0.5011
    202095298 	K2C0 	5.6270272 	0.0027943 	56775.242737 	0.0248 	0.0213 	0.0310 	0.0278 	0.5021
    202092480 	K2C0 	5.6878394 	0.0027943 	56778.019311 	0.2634 	0.2306 	0.0310 	0.0373 	0.5018
    202065819 	K2C0 	5.7440892 	0.0027943 	56776.237021 	0.0088 	-1.0000 	0.0273 	-1.0000 	1.0000
    202061000 	K2C0 	5.8690571 	0.0027943 	56776.019380 	0.0706 	0.0706 	0.0446 	0.3190 	0.0000
    202072282 	K2C0 	5.9775239 	0.0027943 	56772.319032 	0.0045 	-1.0000 	0.0849 	-1.0000 	1.0000
    202073004 	K2C0 	6.1543378 	0.0027943 	56779.519058 	0.2061 	0.0473 	0.1213 	0.1101 	0.5009
    202126864 	K2C0 	6.1876747 	0.0027943 	56779.120039 	0.2107 	0.0304 	0.0352 	0.0218 	0.3976
    202071635 	K2C0 	6.2702903 	0.0027943 	56775.431821 	0.0943 	-1.0000 	0.0289 	-1.0000 	1.0000
    202060911 	K2C0 	7.0249772 	0.0038107 	56778.840625 	0.0573 	0.0193 	0.0257 	0.0303 	0.5006
    202086627 	K2C0 	7.1512571 	0.0038107 	56777.681406 	0.4449 	0.2109 	0.0226 	0.0233 	0.5025
    202065879 	K2C0 	7.8384894 	0.0038107 	56777.569717 	0.0182 	0.0177 	0.0267 	0.0265 	0.4911
    202091514 	K2C0 	8.3127282 	0.0050535 	56774.410480 	0.3440 	0.1552 	0.0221 	0.0433 	0.5016
    202126847 	K2C0 	8.3421271 	0.0050535 	56778.250818 	0.0168 	0.0167 	0.0283 	0.0247 	0.4990
    202126871 	K2C0 	8.4310372 	0.0050535 	56775.627554 	0.0017 	-1.0000 	0.0151 	-1.0000 	1.0000
    202068686 	K2C0 	8.7533663 	0.0050535 	56780.150403 	0.2617 	0.0397 	0.0246 	0.0313 	0.5166
    202087553 	K2C0 	9.0011978 	0.0050535 	56776.817291 	0.0944 	0.0789 	0.0289 	0.0264 	0.5036
    202063160 	K2C0 	9.0697953 	0.0050535 	56776.045102 	0.1111 	0.0703 	0.0589 	0.0603 	0.5004
    202126825 	K2C0 	9.2068029 	0.0050535 	56780.804663 	0.0161 	0.0033 	0.0279 	0.0928 	0.5283
    202064549 	K2C0 	9.7634435 	0.0050535 	56777.798547 	0.3428 	0.0817 	0.0171 	0.0204 	0.5006
    202072451 	K2C0 	11.3069338 	0.0073539 	56782.924672 	0.3974 	0.3263 	0.0288 	0.0274 	0.5025
    202072941 	K2C0 	12.4477666 	0.0073539 	56783.076936 	0.5439 	0.2819 	0.0632 	0.1601 	0.5027
    202126887 	K2C0 	12.8557000 	0.0073539 	56777.255700 	0.0276 	-1.0000 	0.0100 	-1.0000 	1.0000
    202062154 	K2C0 	13.6435000 	0.0073539 	56777.090000 	0.2663 	0.1757 	0.1478 	0.2939 	0.4981
    202072485 	K2C0 	14.6300000 	0.0073539 	56776.246900 	0.2207 	0.0378 	0.0138 	0.0322 	0.3338
    202060523 	K2C0 	16.4090275 	0.0073539 	56779.995199 	0.0437 	-1.0000 	0.0165 	-1.0000 	1.0000
    202060551 	K2C0 	16.4969984 	0.0073539 	56779.198905 	0.0956 	0.0233 	0.0239 	0.0241 	0.5151
    202064080 	K2C0 	18.6700000 	-1 	56783.860700 	-1.0000 	-1.0000 	-1.0000 	-1.0000 	-1.0000
    202122545 	K2C0 	19.2700000 	-1 	56783.891800 	0.3272 	0.0538 	0.0071 	0.0118 	0.2450
    202091278 	K2C0 	19.8183000 	-1 	56781.404100 	0.1717 	0.1164 	0.0208 	0.0216 	0.5004
    202072430 	K2C0 	20.0076182 	-1 	56776.982000 	0.4204 	0.1789 	0.0137 	0.0173 	0.8683
    202091404 	K2C0 	21.0842013 	-1 	56782.904577 	0.2204 	0.1414 	0.0156 	0.0256 	0.8207
    202064253 	K2C0 	21.1403000 	-1 	56777.993000 	0.0459 	-1.0000 	0.0088 	-1.0000 	1.0000
    202073035 	K2C0 	21.4100000 	-1 	56778.590000 	0.0631 	0.0636 	0.2231 	0.2097 	0.5005
    202086225 	K2C0 	25.6485373 	-1 	56778.942544 	0.3888 	0.0539 	0.0117 	0.0100 	0.4814


