200000811
200000947
200000829
200000962
200000873
200000854
200000843
200000918
200000936
200000851
200000917
200000863
200000885
200000952
200000877
200000884
200000900
200000943
200000933
200000867
200000840
200000956
200000860
200000887
200000876
200000839
200000858
200000963
200000861
200000942
200000838
200000931
200000890
200000812
200000852
200000881
200000893
200000827
200000820
200000920
200000904
200000939
200000865
200000844
200000915
200000950
200000856
200000871
200000875
200000841
200000822
200000846
200000866
200000831
200000949
200000948
202081132
202091604
202059416
202070340
200000889
200000959
200000821
200000924
200000832
200000914
202090961
202074377
202127165
202137257
202087090
202070171
200000836
200000815
202138939
202085921
202135789
202122545
202081483
200000853
200000879
202095442
202072070
202072500
202085709
202127030
202084686
202068808
202081985
202135934
202094225
202090954
202068732
202089441
202061794
202087601
202059382
202067461
202092480
200000850
200000905
200000961
200000833
200000926
200000906
200000825
200000929
200000857
200000899
202084352
202135927
202085347
202073469
202090993
202074375
202086202
202070328
202066239
202127820
202085463
202068579
202093039
202085533
202095079
202086744
202126888
202094004
202092186
202137966
202064169
202083110
200000842
202061162
202127125
202068404
202065247
202066622
202071677
202085002
202072230
202086418
202064164
202127771
202090211
202068117
200000944
202127470
200000880
202072900
202059326
202086194
202088528
202085276
202087111
202067054
202065115
202094609
202059086
202071557
202135829
202138244
202127762
202092675
202067796
202090107
202070201
202127635
200000864
202059415
200000891
200000958
202072843
202127134
202092233
202086653
202084005
202088080
202086948
202066918
202064894
202085453
202093054
200000911
202137831
202081468
202094616
202061800
202137675
202071577
202068248
202063357
202081079
202065934
202092035
202068329
202084441
202083178
202139932
202085994
202086828
202085850
202137797
202092991
202137247
202088158
202135938
202067487
202062114
202093380
202081175
202068711
202138970
202081331
202068508
202065264
202067841
202060392
202090213
202066159
202068738
202090995
202126999
202068113
200000848
202070215
200000912
202068337
202137360
202074719
202127413
202127714
202139620
202064641
202089426
202137199
202064473
202066037
202095624
200000814
202071475
202127819
202127555
202127811
202086029
202127887
202137128
202087285
202089948
202060164
202137972
202091042
202139797
202088059
202127851
202136156
202091775
202089106
202092393
200000835
202068593
202093268
202089638
202065802
202089776
202065915
202087272
202091375
202072558
202092152
202087891
202085286
202094742
202089730
200000897
202072455
202071896
202072014
202136194
202071767
202088777
202084831
202127760
202087401
202094819
200000928
202092404
202072691
202092136
202090759
202088649
202084063
202081827
202084105
202091533
202094958
202072972
202085265
202139125
202068360
202072797
202136206
202135907
202091831
202068791
202090625
202061814
202135224
202068584
202095200
202127303
202092472
202088675
202068441
202072171
202061131
202068509
202135987
202072216
202066080
202137744
202086667
202060471
202089627
202071829
202086583
202090494
202065748
202065841
202093610
202064943
202139285
202092892
202093056
202074697
202091697
202066495
202066192
202113117
202091869
202084426
202087329
202137869
202060581
202062476
202087385
202085110
202127262
202089388
202065977
200000855
202136218
202088864
202135755
202063066
202083383
202092445
202091154
202066926
202067447
202071280
202089433
202066190
202083589
202067366
202063557
202085079
202067919
202086775
202092847
202088919
202067285
202072684
202091204
202060564
202095196
202067827
202093098
202137738
202136087
202083140
202063271
202139194
202091362
202086282
202127450
202066180
202088339
202136973
202090448
202067417
202088064
202067957
202067342
202137522
202065208
202087953
202138326
202137702
202072018
202074558
202091715
202060419
202091146
202140003
202139640
202062129
202065879
202084094
202084782
202090905
202086746
202137560
202072136
202072657
202086585
202091889
202063916
200000908
200000869
202091385
202127751
202081393
202135954
202068359
202084610
202087959
202137991
202095709
202065924
202138441
202137716
202065163
202072104
202102928
202066083
202139304
202084081
202068815
202064541
202091665
202066027
202072652
202086387
202092470
202135191
202137638
202068813
202089496
202084112
202094699
202084137
202092464
202073258
202065475
202066212
202084953
202093230
202086297
202086240
202137786
202086127
202091308
202071582
202127773
202107919
202092024
202065830
202137754
202084595
202127860
202071955
202089643
202068074
202067968
202067867
202093697
202086363
202137412
202095590
202065881
202138756
202139703
202064101
202060054
202127274
202088852
202088789
202139270
202081580
202059409
202087829
202088842
202090574
202088577
202073323
202089939
202094546
202091274
202139694
202095506
202090450
202091481
202138814
202062529
202135765
202091044
202090802
202139676
202092634
202088481
202088092
202089768
202068125
202083649
202093946
202137953
202137584
202065966
202127890
202091318
202137189
202088898
202137551
202092023
202139150
202085105
202136187
202090988
202092015
202086951
202088794
202138810
202081287
202068306
202081239
202068772
202086203
202060179
202068693
202139257
202081537
202067851
202082345
202072125
202071466
202092153
202066418
202086452
202094731
202065500
202065870
202092157
202085964
202085668
202086186
202072493
202094234
202081180
202087062
202137194
202068090
202126998
202061363
202085497
202137714
202090508
202061046
202065925
202135844
202072011
202093175
202083799
202083030
202086499
202071440
202135757
202081532
202084719
202091448
202072258
202135822
202137471
202137490
202084641
202091220
202065545
202085765
202071838
202087501
202067893
202135186
202091919
202071777
202136447
202062175
202081834
202059522
202065326
202090962
202127142
202086511
202135698
202071406
202068600
202088507
200000817
202067516
202081238
202138157
202090695
202084879
202072965
202095255
202135977
202060198
202083843
202066437
202136976
202083758
202064435
202136018
202093860
202126886
202135815
202094631
202089210
202086704
202066233
202071903
202138862
202087896
202088072
202089787
200000934
202074515
202127223
202091553
202135811
202091823
202068174
202137735
202059766
202067696
202071879
202138319
202094797
202089736
202074358
202066939
202068724
202072416
202066013
202137232
202088911
202085309
202091437
202088309
202074742
202137766
202090638
202081039
202084678
202064107
202085380
202139882
202093104
202138841
202071292
202091333
202087347
202085451
202094780
202061205
202070208
202093795
202066122
202087405
202081507
202139950
202062495
202087132
202083541
202067976
202088550
202095133
202089554
202065123
202085742
202085305
202068472
202135910
202074474
202136464
202127818
202063347
202137295
202060722
202127352
202085270
202138334
202095393
202071975
202085569
202137668
202093492
202059511
202061048
202065807
202065908
202071867
202072597
202138853
202068355
202085210
202137782
200000957
202089984
202070394
202072561
202085988
202139811
202086286
202084010
202093483
202081646
202136192
202084924
202084042
202066146
202059352
202066090
202135950
202087128
200000882
202074640
202068758
202135804
202127798
202084662
202084071
202092251
202137770
202060210
202127246
202071831
202068717
202090904
202083872
202087682
202092252
202065279
202137642
202126851
202092652
202139605
202067380
202067817
202095642
202081732
202085655
202067901
202138211
202073040
202137152
202089967
202084608
202068684
202093862
202090542
202068213
202090913
202135985
202093323
202072563
202060512
202090290
202095295
202081201
202066193
202092137
202065856
202091534
202087426
202065472
202135904
202066046
202086010
202067700
202128150
202083763
202059074
202066064
202066057
200000834
202067861
202068735
202137883
202092091
202089818
202087159
202139590
202087589
202127597
202084993
202060573
202094966
202138134
202083933
202064550
202071738
202086192
202139609
202137944
202086606
202068633
202070217
202066923
202068028
202139780
202073348
202090688
202068395
202060135
202066035
202071676
202092722
202095520
202064620
202093228
202071691
200000922
202095104
202139163
202072580
202127782
202088782
202071731
202061791
202081757
202094852
202086609
202060428
202081320
202095249
202083412
202139136
202081110
202094222
202072611
202086103
202085404
202063779
202127012
202138997
200000902
202065904
202066977
202127607
202095588
202061774
202072443
202070258
202064188
202082115
202062075
202139966
202086261
202071330
202127662
202083201
202072600
202067279
202064293
202067903
202085722
202060672
202088203
200000823
202084807
202085912
202095532
202094762
202085104
202092145
202070212
202064157
202087098
202073362
202136963
202071503
202083887
202135737
202067770
202068300
200000964
202137846
202139901
202066131
202071376
202068057
202067235
202136117
202067844
202137520
202084342
202093015
202065805
202083558
202127856
202081696
202068733
202081426
202084332
202095461
202093833
202083458
202136178
202066447
202095197
202089231
202092949
202136443
202137118
202138260
202074642
202067208
202088083
202085828
202087094
202081390
202060684
202085122
202094820
202063326
202089535
202091953
202081186
202137704
202092696
202065230
202071278
202137697
202136981
202086324
202090708
202137160
202073412
202135128
202138773
202067916
202073185
202093608
202135715
202091053
202071910
202127752
202095141
202081629
202085441
200000925
202090050
202068077
202081769
202083978
202139801
202093312
202137394
202065938
202083816
202068184
202087047
202086826
202087407
202137210
202089018
202139279
202139614
202086849
202084134
202091206
202060981
202071902
202138747
202090738
202087670
202066049
202088891
202085049
202066161
202084840
202065133
202088210
202073175
202068639
202067214
202138881
202137267
202090819
202072476
202127757
202074589
202090963
202066370
202068156
202135975
202074413
202085141
202092524
202088810
202092489
202068713
202074520
202093166
202094954
202087511
202065950
202068695
202087341
202088185
202071887
202137563
202087541
202092712
202066946
202135911
202094842
202065846
202083483
202073036
200000937
202090607
202060735
202089905
202137970
202127758
202087983
202094811
202090084
202135949
202085738
202091723
202072979
202061819
202086747
202059339
202071387
202087666
202089157
202091692
202059336
202091593
202139263
202088776
202092980
202060145
202083312
202091337
202094835
202126836
202093688
202095374
202088597
202094439
202061236
202089477
202090700
202085545
200000894
202083955
202062111
200000955
202092399
202089722
202085944
202074373
202094186
202071819
202085466
202086536
202092443
202084075
202095436
202090108
202127490
202066099
202071864
202071572
202137630
202139927
202060946
202083492
202064624
202083637
202084280
202091505
202138044
202086571
202085369
202087144
202089301
202089403
202073381
202127044
202066014
202090541
202083480
202065021
202139110
202068490
202066199
202067525
202137610
202135978
202088526
202059346
202074632
202091883
202081442
202135798
202139691
202072679
202094868
202064883
202088467
202066699
202137229
202091487
202086949
202092619
202139118
202059545
202064269
202085047
202065811
202073440
202095615
200000953
202065874
202086182
202126837
202092560
202084778
202084670
202094536
202095234
202062782
202088582
202068705
202062496
202072678
202070230
202135828
202127386
202059351
202127275
202086050
202086403
202092912
202136182
202086889
202084095
202084543
202085639
202066998
202083930
202073420
202068798
200000862
202090237
202086158
202083521
202127096
202071939
202072602
202084992
202137606
202089304
202072929
202073266
202090754
202066160
202072536
202065284
202091701
202136961
202093173
202092943
202090933
202091197
202084693
202071958
202137451
202067648
202086624
202074427
202072863
202090327
202085840
202127080
202089962
202088861
202085773
202072585
202093973
202139705
202067015
202068800
202085724
202067897
202094745
202061320
202068580
202084893
202083450
202066109
202060539
202092599
202088510
202137752
202091026
202065014
202090410
202068435
202066571
202137694
202071396
202135772
202091442
202138999
202091495
202085156
202064165
202137942
202139726
202091961
202127804
202086950
202060377
202137230
202137536
202135901
202092865
202071818
202087591
202135756
202066015
202139055
202083941
202084304
202092862
202094986
202072446
202135769
202139221
202072595
202137971
202086554
202088494
202095253
202094228
202059392
202064535
202094926
202071780
202091229
202081713
202083957
202135714
202139884
202086420
202137731
202086460
202086322
202094973
202064761
202060463
202137358
202127931
200000868
202081787
202065039
202092782
202071383
202137692
202072598
202090674
202091812
202087512
202072378
202135082
202087547
202067755
202086443
202072087
202093662
202095373
202137475
202090003
202068818
202073380
202127354
202064251
202064214
202059348
202059532
202091768
200000824
202103729
202091952
202137648
202095661
202127392
202139940
202081271
202093154
202138809
202094782
202135267
202127500
202136951
202127330
202061029
202088969
202064491
202060509
202090661
202094942
202093393
202092891
202068131
202073145
202136968
202071293
202065354
202137872
202139878
202066994
202138007
202088340
202089409
202127684
202088214
202071858
202066058
202086938
202073315
202068716
202071527
202062234
202066154
202064200
202083740
202081233
202130358
202085281
202137943
202089829
202086750
202084359
202092842
202139248
202087146
202127048
202137652
202083207
202127226
202063654
202084292
202093130
202070357
202093968
202136146
202092097
202135997
202086944
202065884
202065311
202091077
202072741
202093518
202072703
202136036
202086024
202091507
202092496
202065836
202089859
202095308
202137988
202068064
202139704
202135948
202066025
202137838
202071989
202127696
202089221
202090007
202094850
202127772
202071945
202064574
202084770
202139711
202068823
202083587
202095152
202070376
202091934
202131202
202127703
202066021
202126856
202060403
202090030
202066153
202089750
202093755
202072723
202074423
202136216
202068736
202127287
202072596
202060806
200000910
202092121
202095150
202139151
202087421
202091017
202138937
202067693
202065552
202063171
202072750
202072786
202071847
202088878
202135896
202093145
202138136
202136203
202074752
202081809
202129585
202091868
202138307
202067695
202066157
202135805
202083029
202081296
202138340
202095408
202091511
202064449
202059312
202063410
202063266
202086414
202090846
202126825
202091075
202067938
202088045
202064331
200000923
202093020
202070275
202087836
202068725
202065018
202071772
202135780
202068775
202092502
202094121
202065980
202072140
202095074
202059406
202088403
202061333
202072881
202083621
202136480
202090668
202085289
202094869
202071468
202059343
202127377
202085925
202090129
202139184
202060490
202088182
202093027
200000916
202061144
202089384
202072471
202137661
202074807
202137733
202070332
202072552
202094266
202094801
202136183
202072717
202136126
202067399
202067167
202090238
202064452
202136084
202071775
202135196
202086035
202137227
202136029
202072006
202136153
202137268
202084745
202071328
202094037
202085563
202065827
202091214
202061775
202073479
202071541
202064787
202093659
202085997
202094095
202092565
202093220
202085174
202095565
202065946
202094129
202137617
202067522
202137596
202065273
202062206
202082081
202127427
202068392
202139231
202084884
202060704
202071880
202081263
202067201
202089162
202068797
202137601
202127916
202081050
200000951
202060553
202137284
202087508
202092789
202086379
202089567
202093181
202065974
202085922
202089199
202066039
202073441
202139244
202084575
202139637
202091335
202136184
202072835
202087026
202065951
202137773
202061789
202081744
202093185
202065020
202088029
202090487
202071576
202090806
202139931
202087279
202089093
202068408
202094918
202060995
202093417
202091173
202088835
202089559
202127908
202062512
202092364
202084243
202067835
202139896
202074551
202067092
202072987
202070276
202089282
202137982
202095607
202137216
202138470
202091942
202065239
202087036
202135922
202139191
202137068
202139256
202063042
202067195
202068757
202137629
202071732
200000872
202139734
202129871
202059530
202084894
202092127
200000813
202088583
202067259
202094291
202137481
202087615
202127614
202067993
202065973
202062172
202066721
202081450
202092662
202091777
202091392
202091027
202085640
202089527
202071288
202136003
202088091
202066394
202136223
202127730
202072869
202093227
202085361
202128170
202091158
202094480
202066389
202138864
202090698
202072822
202068819
202060928
202060877
202092209
202090588
202072363
202138011
202068006
202071792
202068134
202127630
202065935
202072758
202084990
202088728
202093025
202094132
202087553
202091800
202137658
202095516
202071706
202087506
202137286
200000847
202068426
202068457
202060378
202087247
202093190
202095147
202127719
202089368
202084028
202096911
202074620
202061216
202138912
202086904
202066166
202095628
202093516
202067291
202093979
202138354
202137957
202091734
200000907
202081372
202087639
202091749
202137547
202068373
202062464
202139311
202089266
202072514
202060619
202094706
202137793
202081603
202086770
202127886
202091015
202059418
202088946
202137485
202068258
202073270
200000816
202067895
202139196
202087552
202062458
202137762
202086060
202094936
202072764
202089799
202062226
202093210
202072753
202093803
202085987
202094178
202090339
202137664
202088053
202093299
202127256
202059080
202137962
202127938
202136441
202127167
202084923
202138793
202081555
202065278
202139631
202084668
202094295
202064516
202137333
202089060
202095384
202127699
202072539
202068726
202088490
202087515
202063927
200000819
202136044
202090120
202138325
202092997
202060554
202089769
202136038
202061226
202127430
202137998
202067729
202063527
202137913
202092586
202068811
202137992
202139914
202139229
202088406
202089314
202064825
202067924
202068198
202093819
202136438
202139604
202083026
202062222
202137220
202061000
202084555
200000874
202092434
200000930
202093808
202072480
202084181
202072635
202072915
202064207
202072277
202084534
202074443
202086810
202095353
202127210
202073267
202068576
202138046
202085383
202094502
202139624
202090852
202127538
202071815
202060383
202071302
202072668
202137816
202066635
202087974
202136142
202066054
202090401
202067702
202072177
202087156
202073364
202088512
202067469
202084848
202072852
202071862
202074451
202139893
202090321
202137990
202067932
202068730
202088629
202084675
202093876
202135878
202137261
202092484
202068378
202091617
202061002
202086458
202067899
202063421
202066063
202127457
202087614
202139745
202066145
202068734
202136075
202093239
202064638
202137769
202060707
202137294
202085589
202071853
202072213
202085941
202066128
202066257
202067983
202084369
202135994
202071611
202059318
202086727
202068740
202095088
202060439
202072858
202068141
202084202
202092879
202095375
202062090
202065027
202089201
200000818
202062419
202087486
202139710
200000892
202090875
202138883
202074508
202137427
202074430
202090548
202065892
202064656
202072988
202068812
202085607
202061321
202089273
202072742
202061244
202095120
202136200
202067724
202089626
202068246
202067836
202089362
202068032
202068322
202137973
202137147
202088489
202085496
202092621
202065971
202136944
202086774
202072659
202083457
202094924
202090990
202094091
202067514
202072263
202090532
202085198
202085780
202137581
202084613
202093036
202068446
202065543
202085365
202081497
202074525
202126839
202083293
202093489
202089161
202092511
202060169
202071892
202067509
202090626
202067920
202127358
202138318
202088732
202065890
202068476
202127339
202090008
202137553
202136191
202068770
202135941
202072579
202081773
202088803
202137458
202088076
202086814
202086472
202065125
202091478
202139756
202091292
202063189
202083330
202086244
202066909
202095659
202064472
202088463
202060496
202090218
202071912
202127683
202068390
202089230
202072313
202092334
202081199
202094721
202086138
202073135
202127036
202072878
202092657
202088289
202094434
202127163
202074616
202072646
202067612
202088460
202083956
202093921
202093575
200000883
200000888
202067808
202065312
202068231
202084985
202089422
202068420
202067707
202137637
202127690
202093503
202089781
202092531
202139127
202090286
202089050
202065155
202091066
202136195
202073097
202095040
202067863
202094345
202137208
202088011
202135262
202064114
202091536
202127697
202072044
202139348
202087572
202111634
202073476
202088954
202139723
202073377
202081193
202094203
202071301
202087158
202137922
202086813
202087368
202138403
202129860
202094187
202088605
202090498
202072061
202072119
202064148
202087307
202065878
202127743
202137459
202072009
202089780
202060506
202139603
202083192
202094597
202068689
202067280
202065274
202068806
202090348
202061164
202127099
202071297
202127182
202092803
202092853
202090225
202093370
202081531
202072787
202068353
202067980
202068394
202087057
202064842
202090375
202136977
202089379
202092569
202088212
202084188
202068101
202127155
202071713
202084019
202090631
200000901
202091855
202137019
202065271
202091907
202072503
202137431
202067744
202085350
202072291
202094941
202135061
202081906
202138181
202086291
202094544
202094525
202085510
202087316
202081567
202088055
202072827
202071778
202092728
202087371
200000837
202138142
200000826
202095658
202138983
202086789
202072529
202088626
202068652
202137599
202137417
202138986
202071307
202137511
202087367
202135788
202066368
202093353
202085283
202083650
202091726
202067803
200000909
202090723
202070352
202065939
202085229
202060702
202071890
202127669
202081251
202092515
202139099
202091702
202087982
202068048
202068702
202127228
202068697
202084169
202062525
202061263
202065118
202138772
202068739
200000960
202126829
202139986
202090967
202086181
202093167
202092559
202061026
202073416
202093502
202136020
202083382
202090530
202093541
202127224
202091354
202086111
202095431
202074385
202070263
202091358
202137470
202091977
202127199
202087399
202137933
202086708
202086766
202093392
202059204
202059210
202094312
200000946
202067058
202127360
202085307
202059192
202138867
202063158
202092900
202087522
202137995
202139689
202088986
202082195
202093352
202060710
202083857
202088049
202070194
202088066
202084327
202086214
202065775
202136965
202060920
202086859
202066309
202092612
202137036
202127429
202090916
202137205
202090477
202137271
202138159
202072240
202070414
202070344
202088980
202068203
202127424
202067114
202083855
202087017
202086540
202067523
202088733
202135708
202064633
202092099
202068578
202137566
202089251
202083206
202071843
202092915
202081441
202137934
202083738
202135833
202127496
202083509
202065255
202137785
202065964
202137884
202088837
202136172
202087875
202135947
202094580
202062527
202135983
202137034
202088189
202087923
202071827
202138028
202127828
202126863
202094301
202081249
202066076
202085317
202135853
202138303
202071619
202093396
202068506
202088314
202127385
202135136
202137140
202089597
202127815
202139792
202062095
202087910
202092017
202068719
202127396
202101315
202086394
202138396
202089105
202083915
202084029
202139778
202089207
200000895
202066084
202085363
202095114
202083095
202095577
202137530
202089239
202068327
202091546
202063312
202081106
202139342
202072365
202087769
202059082
202135187
202083710
202073144
200000940
202084919
202073495
202090306
202064763
202083239
202060813
202059547
202092590
202138167
202072961
202095458
202094672
202088310
202071631
202127456
202127122
202089397
202095551
202137382
202095302
202083184
202137899
202067922
202093007
202060937
202136031
202087649
202127384
202095165
202065981
202129644
202072497
202088157
202072355
202083274
202137646
202090021
202127440
202065903
202089945
202066121
202071524
202072113
202081163
202091405
202139148
202071837
202060515
202083102
202061142
202085867
202137723
202088591
202073290
200000927
202074917
202081515
202089640
202093303
202089744
202090288
202139278
202088585
202138032
202093540
202065137
202072468
202086183
202127229
202093441
202068251
202135875
202065823
202127806
202136067
202090803
202086496
202081040
202072693
200000913
202066151
202137430
202062632
202135974
202083445
202072932
202066208
202071693
202089248
202127911
202127956
202127599
202084658
202136154
202090289
202087253
202085587
202094130
202088043
202093676
202094046
202066397
202137329
202135929
202089101
202072898
202059359
202060597
202094651
202086518
202089257
202136422
202062454
202062219
202085730
202061279
200000878
202067306
202137730
202081971
202094396
202095081
202067954
202088099
202085715
202127810
202068443
202084868
202083732
202065216
202136026
202067854
202127501
202085430
202137984
202063947
202089745
202094934
202066045
202072137
202137177
202084111
202092178
202060097
202081377
202093034
202088086
202065117
202073361
202060706
202067624
202139583
202071581
202083631
202068180
202091816
202073473
202085184
202089697
202137833
200000870
202060098
202094698
202088424
202084577
202127014
202073402
202083181
202084456
202068022
202084694
202093266
202072567
202135760
202068181
202068450
202071401
202137650
202127965
202068120
202137775
202071294
202094457
202081188
202068066
202091797
202073238
202086333
202081183
202065991
202059081
202081642
202135981
202072645
202127955
202071904
202127403
202092548
202135998
202071374
202089235
202087089
202085360
202065975
202093719
202065314
202087476
202067620
200000921
202074433
202137935
202086011
202127255
202139149
202072962
202083768
202093748
202135967
202074606
202090573
202072663
202068773
202071848
202135823
202091207
200000941
202089423
202089365
202074478
202068731
202126852
202072221
202072704
202086253
202094615
202074756
202139272
202072625
202095097
202081543
202088943
202127778
202068696
202087296
202065992
202088922
202067248
202064262
202072108
202137351
202068282
202063710
202089732
202088318
202088445
202086836
202067923
202093080
202137345
200000845
200000903
202090571
202067939
202066017
200000932
202095485
202093947
202084751
202085645
202060767
202084767
202138754
202127156
202070384
202137713
202083379
202092683
202087051
202065947
202138019
202068432
202089073
202084451
202090748
202137746
202094896
202090066
202087814
202066164
202067935
202089934
202070274
202092852
202139328
202087577
202087812
202087851
202137300
202074397
202072933
202094735
200000945
202059586
202085604
202088483
202087559
202083748
202093224
202063217
202073415
202085605
202071823
202093611
202091087
202136000
202139015
202059720
202088356
202071681
202065158
202090173
202095467
200000919
202063890
202137659
202065322
202091504
202088905
200000898
202135814
202088984
202090345
202059199
202084117
202139017
202062202
202128692
202071448
202068105
202087130
202139326
202088239
202085721
202089474
202085205
200000938
200000886
202062086
202092118
202064788
202091740
202072712
202060132
202087336
202092588
202095394
202135741
202084628
202081189
202137829
202138186
202072356
202127191
202089983
202089504
202059421
202089451
202081893
202090628
202138068
202084910
202090121
202085382
202061796
202066854
202087885
202137672
202095437
202094029
202137961
202063740
202090080
202093403
200000859
202095019
202065987
202095599
202083014
202063210
202085285
202066196
202083094
202064683
202067981
202139696
202074705
202137480
202067704
202090426
202137644
202067055
202140059
202068274
202138163
202072727
202061137
202094891
202081358
202137734
202089827
202083163
202137750
202059183
202139788
202135236
202127417
202089043
202071916
202083750
202093334
202091128
202062609
202087199
202127914
202136039
202068341
202060503
202135252
202067716
202068616
202092433
202127565
202064219
202071728
202071675
202088268
202084083
202087038
202120526
202088421
202072538
202086469
202072895
202072812
202126997
202068635
202068728
202060605
202065930
202060688
202085415
202137223
202092791
202066074
200000896
202066081
202085872
202126853
202073397
202095639
202089223
202072780
202091549
202067445
202072133
202087847
202093932
202062157
202139790
202089806
202066095
202071721
202071465
202088004
202139097
200000954
202085337
202087705
202087335
202088976
202137790
202138339
202094087
202072267
200000828
202087479
202085535
202138024
202065304
202139622
202087278
202135210
202083332
202095380
202137945
202139334
202092339
202090391
202066116
202081586
202064221
202072486
202085822
202135270
202090093
202084184
200000935
202083040
202137420
202090406
202071962
202127214
202071800
202088191
200000830
202127185
202067984
202068777
202087478
202073445
202135824
202089940
202086197
202136208
200000849
202068085
202139012
202060892
202067952
202085775
202093646
202084044
202094183
202127495
202126849
202094655
202060460
202081605
202139327
202093664
202067781
202138842
202094669
202066069
202092759
202083731
202071969
202084855
202065323
202095298
202090941
202138176
202083986
202072916
202084386
202092940
202091162
202089881
202139277
202068703
202094802
202127780
202084937
202095166
202071710
202065197
202139306
202087721
202137904
202081270
202083746
202091959
202090737
202081389
202071322
202074405
202065818
202068160
202139706
202092175
202127834
202084568
202135841
202109524
202068067
202072882
202137218
202081677
202139994
202137602
202092257
202065849
202074668
202065852
202086697
202139633
202135135
202067637
202071720
202071915
