200003939
200003173
200003092
200003679
200001349
200001926
200001241
200003217
200003501
200003551
200002714
200002141
200004059
200002375
200004132
200003373
200001521
200002942
200003667
200002089
200002297
200002154
200001624
200002501
200001189
200003731
200002281
200002581
200002384
200004228
200004009
200001827
200002027
200003142
200002526
200001237
200002302
200004342
200003033
200004008
200003706
203867975
200002319
200002755
200003054
200002202
200001812
200001251
200001571
200004021
200001489
200001667
200001763
200001939
200002806
200003093
200003819
200004380
200003975
200002647
200002300
200001446
200002072
200002537
200003357
200003913
200001987
200001782
200002445
200004034
200001206
200001645
200004251
200003682
200001938
200003053
200004327
200004336
200001291
200002788
200003910
200002729
200001738
200001443
200003932
200001741
200004206
200002511
200001340
200002918
200002173
200002244
200004202
200004384
200001773
200002284
200003935
200002051
200002748
200003730
200003130
200001933
200004139
200002968
200004192
200001799
200003416
200002562
200003876
200001886
200002364
200004337
200003629
200004107
200002082
200001765
200001514
200002380
200001779
200001756
200001703
200001904
200004049
200002401
200003306
200004047
200003514
200002220
200003624
200001665
200003127
200001639
200001183
200002667
200003948
200004299
200003751
200002733
200001300
200002864
200003396
200004266
200003556
200001508
200004335
200004238
200003575
200003681
200003531
200004068
200003059
200001954
200003980
200002565
200002066
200001754
200001283
200003888
200001438
200002813
200002737
200002053
200004270
200002797
200003611
200003458
200001962
200001285
200004285
200003134
200001804
200002985
200001589
200002701
200001693
200004218
200002402
200003256
200004318
200001366
200002595
200003027
200001897
200002076
200001509
200001798
200002713
200002255
200003320
200004294
200003955
200002012
200004349
200004039
200002435
200002273
200001173
200003070
200003024
200003510
200003630
200002095
200001751
200003026
200003029
200001599
200004051
200003613
200001908
200001145
200002328
200003231
200003389
200002881
200001216
200002859
200003763
200003779
200001602
200004302
200003189
200001512
200003491
200003603
200004080
200003836
200002201
200004214
200004357
200004176
200002892
200002685
200002941
200002332
200001824
200001528
200002456
200001472
200003646
200002992
200003051
200003043
200002495
200003310
200001733
200003075
200002725
200003741
200001212
200002885
200002164
200002751
200001994
200004340
200003891
200001847
200002559
200002874
200001806
200001877
200002337
200003782
200003136
200001649
200002886
200001393
200003595
200002637
200003250
200001679
200002101
200003815
200003444
200004152
200001380
200003340
200001653
200001743
200004298
200003871
200003909
200001811
200003723
200001315
200003945
200001513
200004227
200003280
200002965
200002757
200002734
200002977
200003197
200001310
200001459
200003972
200002208
200004284
200003337
200001905
200001597
200004385
200001330
200001433
200003422
200003767
200004197
200002229
200003999
200002090
200002721
200003061
200003259
200002981
200004365
200001471
200001968
200003363
200001269
200001336
200002251
200001967
200003494
200002265
200004053
200004291
200001180
200003538
200001221
200001142
200002906
200004222
200003045
200002179
200001595
200003380
200002013
200002312
200003467
200002545
200004041
200001147
200003381
200001671
200003523
200004024
200003056
200003926
200002194
200001219
200002554
200003576
200003687
200002956
200002158
200002680
200002247
200003063
200002067
200004379
200001186
200002827
200004273
200003589
200002679
200004267
200002539
200001126
200001713
200003920
200002157
200002193
200001684
200002744
200003944
200003430
200002011
200001458
200002582
200002509
200002993
200002361
200004279
200002547
200003000
200004161
200004168
200001997
200001259
200001702
200003010
200002100
200003734
200004244
200002843
200002400
200002417
200001879
200003962
200001292
200004213
200001304
200003120
200002926
200002299
200003302
200002832
200001208
200001284
200001250
200002131
200002976
200003606
200004075
200003044
200001591
200002952
200003897
200001177
200002811
200003291
200003361
200002653
200001630
200002988
200002575
200001720
200003743
200001551
200001477
200002700
200002376
200003804
200001768
200001959
200001289
200002110
200003895
200003091
200001346
200003375
200002794
200003842
200001620
200001484
200002123
200003507
200003991
200003992
200003558
200003683
200004276
200002752
200004199
200003395
200004274
200002485
200001727
200002130
200002446
200002315
200001358
200003272
200001175
200004076
200002716
200002937
200002628
200003627
200001934
200001272
200001685
200002414
200001867
200002028
200003313
200001894
200002805
200002928
200002772
200002577
200001228
200003574
200001303
200004235
200002079
200002950
200004137
200001950
200002923
200004281
200002256
200001761
200002286
200002620
200004160
200002405
200004146
200004243
200002163
200003841
200004198
200003745
200002111
200001542
200004261
200002020
200001301
200002336
200002280
200004229
200001495
200001598
200001392
200004183
200003666
200001883
200003833
200001711
200001198
200001331
200002870
200003235
200001524
200002844
200001617
200004367
200001164
200001179
200002760
200003534
200001982
200002152
200003088
200001587
200001961
200003614
200003065
200001452
200003946
200003253
200002644
200001964
200003098
200001359
200001981
200004389
200001896
200002865
200001558
200004271
200002828
200001629
200001991
200001559
200003180
200001165
200002544
200001729
200002181
200001153
200004201
200002931
200002092
200001267
200002593
200003181
200002342
200003806
200003716
200004061
200001853
200002188
200002857
200002367
200001952
200002203
200003210
200001574
200002592
200003486
200002366
200004188
200001506
200002159
200002246
200001475
200003794
200004094
200003824
200004313
200001552
200003709
200001430
200001334
200001161
200002919
200002416
200002322
200003820
200004231
200001780
200003881
200001790
200003847
200004348
200003112
200002525
200003211
200002104
200001197
200002365
200004260
200003268
200004144
200003107
200002038
200001324
200003109
200002491
200001677
200002602
200003596
200003580
200003517
200003665
200003892
200001280
200003185
200001414
200002177
200004300
200001605
200001623
200001391
200002034
200002686
200003904
200001969
200001909
200002419
200002039
200003886
200002666
200003192
200002044
200004376
200002991
200003712
200003163
200003159
200001389
200004333
200004286
200002345
200002833
200001233
200002063
200003578
200003066
200004056
200002820
200001826
200003663
200004320
200001834
200003822
200001343
200003749
200001742
200003398
200003002
200003407
200002664
200003973
200003360
200002699
200003123
200004187
200003379
200003346
200003012
200001670
200001641
200003651
200002670
200001132
200001801
200002410
200001437
200004048
200002634
200004360
200003350
200001673
200003329
200001836
200001564
200002839
200001612
200001154
200003309
200002681
200003021
200003440
200001862
200001302
200001864
200002248
200003968
200002458
200002695
200001415
200003489
200001544
200003449
200002779
200001839
200001488
200004296
200003519
200002415
200002615
200003464
200002324
200002168
200004316
200002957
200003249
200003594
200002213
200001436
200002583
200001402
200003996
200003979
200003165
200003419
200004113
200001229
200003234
200001762
200003476
200004162
200001494
200001266
200004334
200002549
200002119
200004230
200002264
200003813
200002914
200004275
200003554
200001575
200002987
200002391
200002909
200001364
200002999
200002768
200002503
200002908
200001914
200002893
200002606
200002830
200003221
200001656
200002399
200004234
200003873
200001984
200002195
200001686
200002741
200002010
200002288
200004177
200003201
200002014
200003985
200001655
200002283
200003773
200003662
200001337
200003239
200002669
200002823
200001529
200004288
200001985
200003254
200001910
200001659
200002851
200004272
200002269
200002953
200002033
200002070
200003481
200002489
200001971
200003727
200003475
200001699
200004322
200003803
200002378
200004010
200002800
200004115
200003205
200003590
200002817
200003660
200003022
200003843
200001536
200001680
200001335
200001770
200004150
200002789
200001722
200003323
200001895
200001925
200002536
200002967
200002831
200002237
200003943
200002340
200002226
200001256
200003535
200002481
200002139
200003669
200001422
200002078
200004016
200004219
200001717
200002423
200001674
200003961
200003642
200002450
200003754
200001610
200001569
200002736
200002786
200004369
200003829
200001586
200004058
200001572
200002041
200003793
200002872
200004245
200002023
200004158
200001947
200001224
200001819
200003777
200002989
200003455
200001858
200003285
200001588
200003565
200001131
200001707
200001718
200003827
200003125
200001207
200001844
200002016
200002245
200001724
200002155
200001957
200001261
200001232
200003770
200003694
200001150
200001244
200004166
200001592
200001388
200002959
200002954
200001719
200003960
200002585
200003780
200001868
200001428
200004038
200002718
200001298
200003104
200002907
200002730
200003037
200003018
200002463
200003582
200003204
200003499
200001700
200002205
200001570
200003368
200004224
200004363
200001361
200003470
200003604
200003620
200002630
200002107
200002717
200002640
200003810
200003672
200003216
200001418
200002940
200002652
200003861
200003382
200001363
200003352
200001326
200002233
200001275
200002845
200003678
200004345
200003177
200001264
200003728
200003626
200001901
200003598
200003546
200002346
200002917
200002055
200002442
200003692
200002584
200001977
200001400
200001936
200002612
200001171
200001449
200004071
200002121
200003277
200003460
200003697
200002512
200001461
200004278
200004054
200002007
200001613
200003001
200004310
200004317
200004303
200003498
200003653
200002483
200003100
200003953
200003342
200003404
200003548
200004089
200003839
200001381
200003970
200001750
200002738
200003748
200001498
200001949
200001636
200003172
200004020
200003533
200004373
200001721
200001386
200003805
200003102
200001774
200001425
200002421
200002257
200002510
200004122
200003984
200001158
200002715
200001871
200003947
200002607
200004082
200003994
200001978
200003080
200003414
200001881
200002712
200004256
200004043
200001725
200001382
200001347
200003411
200003958
200003585
200002878
200003817
200003846
200002665
200003067
200003147
200001841
200002428
200002502
200003019
200001214
200004029
200004326
200001712
200004095
200001698
200002842
200001878
200001611
200001887
200001405
200004280
200003300
200004248
200001618
200002656
200003742
200003004
200001642
200002571
200001377
200001837
200003966
200001882
200003664
200002521
200004314
200001411
200003145
200002434
200002115
200002572
200001136
200001647
200002834
200004237
200001965
200001772
200001735
200002411
200003902
200001951
200002270
200004383
200003431
200001373
200003308
200004344
200003015
200002118
200001333
200004037
200001888
200001924
200001191
200001960
200003069
200002382
200002390
200002102
200003169
200003609
200001348
200003659
200001372
200002763
200003339
200002412
200001627
200001234
200003889
200001857
200003372
200001788
200001621
200002214
200001496
200002578
200003726
200002457
200002472
200004355
200003457
200002003
200001918
200003557
200003445
200001376
200002984
200003011
200002498
200001287
200002026
200001152
200001369
200001491
200001549
200003005
200003335
200001404
200003641
200003656
200002922
200001148
200002125
200002451
200001500
200003898
200001759
200002425
200004030
200004099
200004277
200002814
200003178
200001634
200001946
200004185
200003408
200002673
200003995
200003122
200001325
200003086
200002135
200002802
200003113
200002018
200004088
200003293
200002221
200002396
200002354
200003719
200003265
200001856
200003553
200001130
200002631
200003600
200001845
200001771
200004036
200004014
200002597
200001262
200002015
200002860
200001810
200002858
200003845
200001413
200003781
200002480
200002004
200002266
200003591
200003316
200003284
200001676
200004121
200002567
200001794
200002431
200001447
200003252
200003550
200002232
200004247
200003267
200001931
200004035
200002260
200002778
200002555
200002774
200002971
200002541
200003701
200002191
200002692
200002440
200001995
200001585
200002659
200003941
200002855
200003878
200002903
200002185
200004093
200003237
200002032
200003875
200003493
200004181
200003758
200001631
200003095
200003759
200004006
200003623
200004254
200002235
200001875
200003569
200002285
200001505
200003391
200001417
200001706
200003632
200004269
200002877
200001328
200002958
200001608
200001210
200001755
200003848
200001776
200003442
200001832
200003711
200003454
200001440
200001486
200002804
200002241
200004307
200004050
200001758
200003799
200002522
200001539
200003264
200002745
200001930
200001209
200003374
200004015
200002225
200004159
200002566
200001923
200002785
200001187
200002116
200001420
200003327
200003635
200003866
200002888
200003261
200004044
200003903
200002046
200001407
200003175
200003634
200003274
200002160
200003680
200003633
200003547
200001865
200002944
200002099
200002790
200003645
200001167
200003097
200003386
200001716
200004368
200001155
200001441
200002427
200004292
200003341
200003618
200002258
200004114
200001543
200003821
200004253
200001397
200003828
200001134
200002723
200002143
200002682
200003834
200001401
200002594
200002494
200003099
200004057
200001151
200002097
200002476
200001675
200001922
200003722
200001852
200003473
200003762
200002148
200001225
200002973
200001697
200002482
200003241
200002610
200004375
200002601
200003279
200003452
200001850
200004343
200001306
200002641
200002949
200002739
200001453
200003512
200001838
200001231
200003355
200004265
200003877
200001367
200001821
200003036
200004370
200002292
200002234
200003739
200004106
200003744
200001465
200002853
200003905
200001138
200001648
200004232
200003326
200001869
200002030
200003108
200001955
200002298
200002449
200001487
200003809
200003436
200001920
200003707
200002935
200003196
200001181
200003685
200004388
200001319
200002469
200002464
200002732
200002447
200004151
200003198
200001236
200001580
200004019
200001573
200002389
200002190
200001843
200003006
200003849
200003879
200003410
200002863
200003132
200001988
200001252
200002795
200003174
200003459
200002278
200003921
200002994
200003295
200002212
200002887
200003562
200001990
200001260
200003549
200001683
200003607
200001146
200003359
200003110
200002698
200001296
200003640
200003977
200003757
200003776
200001515
200004060
200001809
200001808
200003625
200001470
200003612
200002861
200002836
200001992
200002943
200001220
200003755
200003393
200003155
200001408
200003543
200004250
200001708
200001874
200003699
200001972
200002818
200002604
200002433
200002054
200004217
200003348
200001899
200001766
200002238
200001527
200003193
200003516
200003482
200004264
200002518
200002754
200001757
200002316
200001504
200001156
200004028
200002777
200002936
200003164
200001288
200002527
200002946
200001421
200002516
200002386
200003170
200004134
200003031
200003644
200003735
200002742
200004211
200001159
200003131
200002438
200003331
200004142
200001390
200002671
200003417
200004069
200002599
200001222
200004239
200003226
200003528
200003206
200003775
200003571
200004252
200001226
200002477
200003013
200003353
200003753
200002507
200002706
200002862
200004216
200003433
200003602
200003465
200002613
200003831
200003370
200001246
200002663
200003082
200004103
200001353
200002424
200001873
200001943
200002253
200003101
200003168
200002250
200001916
200003868
200002001
200002105
200003808
200001578
200001626
200003402
200002762
200002005
200003772
200003399
200002231
200003796
200002002
200003691
200001929
200003668
200002963
200002320
200001532
200002551
200001678
200002508
200001944
200001694
200003513
200001650
200004101
200003401
200003186
200002371
200002049
200003258
200002905
200001412
200002174
200003046
200004207
200002162
200003262
200001633
200003377
200001660
200002383
200002822
200001590
200004141
200004085
200002360
200002773
200003017
200002561
200003477
200001749
200004119
200002535
200002182
200001777
200002353
200001194
200002837
200003856
200002219
200002951
200002052
200002497
200003639
200001600
200004346
200001223
200003599
200001980
200003016
200004315
200002084
200002112
200002933
200001689
200002122
200004194
200002301
200004125
200003882
200003708
200002962
200003572
200004196
200002645
200004268
200002369
200003976
200003899
200003129
200003832
200003500
200002726
200002418
200001378
200001273
200002113
200004386
200001403
200001321
200001919
200004203
200002114
200002876
200003014
200002534
200002616
200002490
200003162
200002348
200001455
200003688
200002189
200004205
200004148
200001497
200003324
200002171
200002274
200004258
200002791
200003451
200003050
200001547
200001253
200001196
200003152
200003622
200001416
200001851
200003238
200003448
200002708
200003333
200003750
200002635
200001846
200004055
200002313
200003509
200001299
200002207
200001535
200002759
200002825
200003800
200003072
200003343
200003756
200002363
200001481
200001342
200002608
200001752
200002036
200001695
200003286
200002920
200002938
200003133
200003289
200002807
200003673
200001820
200003671
200002710
200002672
200003311
200004004
200002781
200004143
200001907
200001313
200002239
200003880
200003304
200003924
200002996
200001517
200001796
200002223
200001619
200001429
200002598
200001217
200003529
200003586
200004022
200001637
200002240
200002242
200002006
200003858
200004042
200003893
200004257
200001556
200003492
200003698
200002776
200002660
200002167
200003203
200001493
200003294
200002960
200002840
200003981
200003714
200002318
200001690
200002448
200004341
200001792
200002925
200001807
200003857
200002062
200003062
200004282
200002674
200003143
200001308
200003801
200002461
200001581
200003298
200002684
200001431
200002048
200001519
200001596
200001825
200002568
200001434
200001460
200002145
200003154
200001332
200003424
200002331
200001294
200002065
200001970
200002880
200002850
200003166
200001736
200001305
200003798
200001243
200004017
200002609
200001133
200001211
200001760
200002374
200003495
200004241
200004249
200001144
200002722
200001456
200003636
200004263
200002077
200003183
200003039
200003795
200002081
200003149
200003506
200003161
200002040
200003807
200001482
200001566
200004262
200001312
200002058
200004096
200002308
200002798
200002515
200002964
200003064
200004293
200001368
200002866
200002132
200001327
200001370
200002373
200004000
200003956
200001681
200001215
200003768
200001176
200001550
200004366
200001948
200002439
200001374
200004164
200002074
200003105
200002392
200003171
200003462
200002661
200001293
200001560
200001928
200001728
200002504
200003769
200003747
200003619
200003297
200004073
200004002
200003222
200003965
200003869
200002303
200002869
200001691
200002277
200004084
200001139
200001530
200002050
200003989
200003003
200001553
200001601
200003367
200001863
200001311
200002821
200004157
200001892
200002471
200002801
200001149
200003385
200002947
200003202
200001439
200004350
200003176
200004155
200001218
200003978
200001831
200001188
200002563
200004186
200002420
200003435
200001911
200003187
200004167
200001323
200002134
200003282
200002868
200001474
200003245
200001193
200004208
200002873
200004221
200003369
200002309
200002784
200003930
200003696
200003605
200002321
200001956
200002479
200002262
200002538
200001213
200003371
200002765
200001290
200002196
200002589
200001603
200001427
200002731
200004083
200003362
200002073
200002216
200001355
200002397
200003505
200001143
200002408
200002037
200002466
200003837
200003209
200001205
200004179
200002746
200002083
200001767
200001548
200001339
200003844
200002735
200001855
200003073
200002468
200002766
200002955
200003936
200002453
200001833
200002966
200004025
200004001
200001594
200003785
200003225
200002875
200003233
200002388
200002454
200004191
200003160
200001354
200002228
200001399
200001314
200004040
200003034
200002061
200001940
200002998
200003967
200002200
200003689
200003588
200003544
200003248
200002564
200003938
200003466
200003041
200002841
200002368
200003911
200002603
200002086
200002517
200001276
200003409
200003838
200001235
200002437
200003078
200001562
200002398
200001170
200003278
200001203
200003271
200002579
200004133
200002133
200002569
200002096
200001730
200002197
200003314
200001903
200004138
200003427
200001534
200003907
200001989
200004031
200002747
200001696
200001501
200003403
200001583
200002979
200001442
200002650
200001281
200002176
200001814
200002557
200003502
200003364
200003007
200001467
200001840
200003963
200001199
200003736
200003854
200003657
200003925
200003292
200001282
200003990
200004204
200002359
200002409
200001270
200001384
200001503
200002335
200002787
200002478
200001966
200003441
200004112
200001582
200001710
200003195
200001307
200002470
200003307
200004387
200002441
200003496
200003483
200004359
200003281
200003587
200003825
200002799
200001872
200003420
200001800
200003124
200004240
200001249
200004064
200004354
200001607
200003675
200002901
200003048
200002064
200002642
200002932
200001533
200002137
200002075
200004323
200001861
200001444
200001688
200002008
200003561
200003890
200002356
200001242
200002986
200002019
200003703
200001731
200003867
200004135
200003009
200002272
200002780
200002444
200003144
200003126
200001805
200004108
200002910
200003532
200002276
200003740
200003349
200002443
200002867
200004165
200001555
200003778
200001426
200004311
200002021
200001435
200001255
200003790
200002314
200002889
200001200
200002913
200002638
200003068
200001789
200002204
200001941
200003870
200002080
200003485
200003453
200001747
200002542
200003536
200003674
200003787
200001958
200004065
200003461
200002183
200001140
200001318
200003874
200002530
200003345
200003085
200004190
200001880
200003631
200003468
200003545
200003251
200004087
200003438
200003900
200003986
200002505
200003344
200004338
200002022
200001362
200003526
200002975
200003530
200003405
200001813
200004290
200002282
200003270
200004255
200003383
200003227
200003721
200002764
200003601
200001490
200001932
200001682
200003421
200003942
200001849
200004120
200001345
200003194
200003896
200002178
200001309
200002691
200003566
200002633
200003214
200002808
200001870
200004011
200002636
200003912
200002899
200002625
200003670
200001398
200003358
200002648
200002677
200004067
200004358
200004104
200004382
200002000
200002707
200003914
200002810
200002705
200003119
200002749
200001953
200004319
200001322
200001240
200002406
200001257
200002711
200004153
200004226
200002720
200003563
200004173
200003915
200002646
200002351
200003390
200002775
200003146
200003864
200003552
200001668
200004308
200002854
200004013
200001385
200001937
200001791
200003071
200002150
200003865
200002422
200004184
200002344
200001866
200003969
200002091
200003638
200002543
200002249
200001889
200004045
200001935
200003720
200003525
200003114
200002529
200003717
200003223
200001584
200003761
200004062
200003035
200002381
200003484
200002035
200003791
200003081
200002169
200003686
200002009
200002879
200004193
200002945
200003729
200003156
200002311
200004149
200004090
200002259
200003229
200003240
200002618
200002627
200003121
200001737
200003971
200002622
200004098
200003474
200002430
200002017
200003287
200002929
200001651
200001579
200002856
200001906
200001818
200002523
200002623
200003243
200002619
200003060
200002209
200003215
200003479
200001365
200001195
200001726
200001652
200003593
200003232
200002902
200003083
200001828
200001739
200003273
200003901
200003521
200001247
200002404
200003733
200002306
200002624
200001860
200004223
200002144
200003426
200004026
200002327
200003830
200003764
200003931
200003655
200001638
200002140
200001424
200004131
200001227
200001127
200003504
200001701
200003520
200002761
200001793
200001184
200003814
200002972
200002704
200002550
200001898
200004287
200003087
200003933
200001248
200001963
200003153
200002473
200001657
200001473
200002436
200002290
200002939
200002678
200001316
200003488
200002916
200003090
200004309
200004364
200001692
200002372
200001885
200001803
200002803
200002393
200002149
200001715
200004361
200003200
200002629
200001646
200003040
200002142
200002846
200003788
200004377
200003388
200004200
200003111
200001160
200004003
200002546
200001912
200002758
200001996
200004105
200002124
200003652
200004070
200001816
200001185
200001463
200002882
200002172
200002871
200002649
200002103
200003158
200003450
200003128
200003415
200001178
200004140
200003077
200003047
200001350
200003522
200003472
200002362
200003321
200001666
200004077
200003746
200001387
200003392
200002796
200002187
200003157
200002771
200003573
200001516
200002045
200003317
200001230
200002357
200002570
200001265
200001745
200004180
200002211
200002524
200004171
200002767
200001525
200003263
200001554
200003079
200003885
200003328
200001979
200001744
200003247
200002056
200003023
200002683
200002948
200001263
200002024
200002969
200001379
200002689
200003190
200004128
200004156
200001157
200003290
200001480
200003428
200003058
200002294
200003413
200002770
200004329
200002847
200001483
200002690
200003922
200001445
200002668
200001614
200004178
200002175
200002085
200003322
200002911
200003139
200004102
200001563
200002898
200002626
200004124
200003597
200002838
200003650
200003220
200002548
200003648
200001662
200003568
200001464
200002697
200003982
200002268
200003242
200003275
200003008
200002323
200002432
200004154
200004210
200002496
200002227
200004225
200002109
200003150
200001891
200002900
200002740
200003928
200003439
200001993
200003406
200003786
200002147
200004079
200003276
200002071
200001479
200001784
200003998
200001279
200004129
200003917
200002835
200003906
200001360
200002694
200003677
200002289
200001297
200001723
200003148
200001786
200002528
200004297
200002379
200002151
200003951
200003182
200002467
200002057
200001410
200003347
200001787
200002025
200004111
200001663
200001338
200003872
200001356
200002894
200001201
200003774
200002069
200001915
200001775
200002753
200002317
200003760
200002042
200004347
200003151
200003020
200003447
200003257
200004356
200002156
200004371
200004305
200003792
200002654
200002487
200002465
200002662
200003916
200003959
200004209
200001704
200002531
200003400
200001848
200004246
200002349
200003184
200003705
200003919
200003997
200002792
200003852
200003649
200001344
200002088
200001238
200002326
200001538
200003138
200003246
200002532
200002884
200002809
200001128
200003456
200003940
200001396
200002709
200003702
200004295
200003937
200003305
200003106
200003783
200002995
200002263
200001162
200002426
200003918
200003564
200004328
200002271
200003503
200001341
200004091
200002325
200003366
200001927
200003515
200001163
200001375
200003283
200004353
200002727
200003425
200002452
200002352
200002296
200002540
200003718
200002591
200003356
200003983
200001748
200002210
200002224
200003117
200002696
200001732
200003812
200002484
200004324
200002459
200003766
200001817
200001478
200003387
200002651
200003301
200001709
200001537
200003952
200002927
200003191
200003049
200003560
200002812
200003218
200003418
200001628
200002783
200001182
200001541
200002129
200003784
200004306
200004331
200003993
200002632
200001409
200001606
200004007
200003950
200004116
200001640
200003927
200001511
200001317
200001609
200001295
200001714
200001740
200004236
200001783
200003076
200001654
200003266
200001893
200001823
200001561
200002243
200003908
200003025
200002338
200003179
200001986
200003518
200003658
200003884
200003055
200002377
200003094
200003236
200004117
200002206
200001635
200004212
200003540
200003859
200001286
200002279
200002236
200003269
200001829
200001476
200003713
200003615
200004312
200001190
200003052
200002293
200003332
200003802
200004145
200004110
200003319
200001466
200004109
200004374
200001983
200002724
200002915
200002385
200003637
200002896
200004351
200004074
200003700
200004052
200002904
200003583
200003840
200003334
200003338
200001258
200003818
200001450
200002138
200003429
200001454
200001769
200003135
200001406
200002488
200002291
200001351
200001998
200001278
200001419
200003376
200004362
200001172
200003030
200001271
200002573
200003213
200002500
200002556
200002295
200004130
200002127
200002347
200003511
200004147
200003710
200003643
200001734
200001815
200001520
200001522
200003103
200001357
200004174
200004163
200002816
200004046
200001507
200003715
200004170
200003397
200003853
200002983
200003559
200001859
200001615
200003057
200002330
200001510
200002782
200001976
200003116
200002852
200003446
200002334
200001913
200004321
200003738
200003863
200003577
200001135
200001174
200002094
200001499
200002499
200004092
200002793
200001753
200002702
200001448
200003617
200003949
200002136
200002192
200002329
200002350
200001395
200002924
200002310
200003542
200002588
200002687
200001822
200001469
200001797
200001604
200004259
200002254
200003737
200003771
200002093
200003219
200001192
200002267
200003964
200002370
200001485
200002643
200003527
200001884
200004018
200002621
200003312
200004100
200004118
200004332
200001432
200003167
200002180
200004289
200003260
200003224
200003288
200003693
200003228
200001394
200001352
200003690
200001672
200003539
200004339
200002153
200002098
200004182
200003478
200003042
200002304
200004012
200001661
200002824
200002060
200003365
200002978
200003354
200002848
200002486
200001921
200001577
200003850
200001277
200004027
200002394
200003835
200002261
200001974
200001658
200004220
200002688
200001999
200002166
200004352
200002215
200002275
200002728
200002743
200001540
200002974
200002930
200003330
200001518
200002307
200003537
200001632
200002087
200003336
200003471
200004195
200002558
200003028
200001616
200003463
200002455
200003325
200001320
200001492
200002895
200001168
200001245
200001254
200004169
200001778
200002769
200003437
200001669
200002970
200002576
200003244
200003610
200003647
200002047
200002693
200002059
200001593
200004301
200004032
200004378
200002222
200002819
200002475
200001274
200002029
200001451
200002117
200003384
200003954
200003230
200002068
200002460
200001973
200003616
200001785
200003732
200002560
200002912
200002756
200004127
200002587
200002719
200003676
200002474
200004097
200003826
200003315
200001890
200001423
200001643
200001383
200004033
200002574
200003074
200001876
200001141
200002184
200002413
200002252
200001625
200002934
200001502
200003855
200003934
200002305
200002343
200003541
200002961
200002230
200001975
200003469
200002596
200003296
200001622
200003096
200003987
200002403
200002552
200001945
200003789
200002128
200001917
200003704
200002429
200003188
200001169
200002533
200003929
200001746
200001129
200001166
200002997
200003199
200003797
200003089
200002514
200001268
200001842
200002703
200001557
200001576
200002890
200003487
200003816
200001546
200002826
200004233
200002980
200003661
200001329
200004304
200002506
200002146
200001468
200002493
200002106
200002990
200002883
200002161
200003115
200002395
200003823
200003883
200001854
200004086
200002217
200002520
200003318
200003894
200003608
200003887
200003118
200002580
200003592
200003351
200004066
200003412
200003497
200002658
200003752
200001531
200003443
200002590
200001835
200004325
200002462
200003862
200002675
200002358
200003032
200002611
200001523
200003208
200004063
200002198
200002982
200003555
200001239
200001567
200003923
200004189
200003567
200003860
200003480
200002897
200002341
200002815
200003621
200003628
200002387
200004172
200002199
200002639
200004215
200002657
200002655
200004136
200003255
200003423
200001644
200001462
200002218
200002043
200004242
200002170
200003570
200003084
200002355
200001764
200003957
200004023
200001545
200004078
200003524
200002407
200002287
200003811
200002891
200001705
200003299
200002120
200004126
200003038
200002605
200002492
200001568
200003212
200003141
200001900
200002031
200003140
200001202
200001687
200002676
200002600
200001902
200002750
200001830
200003695
200004123
200004372
200003988
200002513
200004283
200002586
200003378
200004175
200003207
200002333
200003579
200003137
200003584
200004005
200002186
200002165
200003434
200002126
200002617
200002614
200001942
200003581
200001457
200004381
200003724
200001795
200004081
200001781
200001137
200003851
200003490
200001664
200001526
200003725
200002849
200002519
200002339
200002108
200002829
200003974
200003684
200001565
200003394
200001802
200003432
200003508
200003303
200002553
200004330
200002921
200003654
200001371
200003765
200001204
200004072
